#r        v         
0.150123  100.844   
0.300246  56.2381   
0.450369  72.7846   
0.600492  80.9647   
0.750615  89.1803   
0.900738  97.8254   
1.05086   84.3357   
1.20098   106.177   
1.35111   86.1702   
1.50123   230.68    
1.65135   259.237   
1.80148   234.731   
1.9516    264.589   
2.10172   184.264   
2.25184   253.308   
2.40197   207.956   
2.55209   267.873   
2.70221   285.986   
2.85234   270.937   
3.00246   305.247   
3.15258   259.991   
3.30271   367.839   
3.45283   320.157   
3.60295   337.644   
3.75307   359.075   
3.9032    385.563   
4.05332   328.786   
4.20344   339.194   
4.35357   386.295   
4.50369   363.262   
4.65381   344.665   
4.80394   310.98    
4.95406   482.66    
5.10418   429.805   
5.2543    244.797   
5.40443   258.606   
5.55455   408.031   
5.70467   413.655   
5.8548    498.599   
6.00492   523.766   
6.15504   473.097   
6.30517   354.268   
6.45529   547.974   
6.60541   550.518   
6.75553   483.016   
6.90566   480.268   
7.05578   603.762   
7.2059    493.602   
7.35603   360.747   
7.50615   566.039   
7.65627   450.969   
7.8064    578.406   
7.95652   586.45    
8.10664   468.272   
8.25676   638.286   
8.40689   359.705   
8.55701   581.018   
8.70713   558.914   
8.85726   462.593   
9.00738   534.6     
9.1575    694.815   
9.30763   639.619   
9.45775   604.733   
9.60787   777.108   
9.75799   741.892   
9.90812   624.559   
10.0582   461.042   
10.2084   860.295   
10.3585   664.133   
10.5086   644.606   
10.6587   765.889   
10.8089   642.667   
10.959    692.004   
11.1091   660.753   
11.2592   823.149   
11.4093   880.128   
11.5595   805.885   
11.7096   774.217   
11.8597   818.042   
12.0098   914.378   
12.16     750.367   
12.3101   1054.55   
12.4602   674.693   
12.6103   772.609   
12.7605   688.655   
12.9106   1093.38   
13.0607   927.783   
13.2108   874.114   
13.3609   734.853   
13.5111   909.39    
13.6612   840.649   
13.8113   678.136   
13.9614   1273.95   
14.1116   1189.23   
14.2617   1060.21   
14.4118   1281.83   
14.5619   825.693   
14.7121   1003.47   
14.8622   1405.49   
15.0123   1044.59   
15.1624   1034.64   
15.3125   1327.08   
15.4627   1003.81   
15.6128   1524.18   
15.7629   873.67    
15.913    755.929   
16.0632   901.412   
16.2133   1443.2    
16.3634   1474.7    
16.5135   1016.58   
16.6637   1131.09   
16.8138   1315.05   
16.9639   1250.02   
17.114    902.566   
17.2641   1150.76   
17.4143   1149.86   
17.5644   1087.58   
17.7145   983.795   
17.8646   1132.55   
18.0148   978.411   
18.1649   1136.9    
18.315    1113.42   
18.4651   1247.8    
18.6153   1118.95   
18.7654   1061.91   
18.9155   1522.46   
19.0656   1151.61   
19.2157   1478.39   
19.3659   1401.23   
19.516    1148.34   
19.6661   1277.31   
19.8162   983.752   
19.9664   1460.74   
20.1165   1022.57   
20.2666   1199.19   
20.4167   1268.97   
20.5669   1406.82   
20.717    1369.89   
20.8671   1282.43   
21.0172   1237.29   
21.1673   1409.64   
21.3175   1357.66   
21.4676   1066.5    
21.6177   1719.9    
21.7678   1570.5    
21.918    1885.24   
22.0681   1445.05   
22.2182   1376.03   
22.3683   1470.86   
22.5184   1858.61   
22.6686   1537.08   
22.8187   1586.34   
22.9688   1688.48   
23.1189   1688.86   
23.2691   1846.42   
23.4192   1665.89   
23.5693   1629.61   
23.7194   1695.86   
23.8696   1528.82   
24.0197   1902.89   
24.1698   1775.9    
24.3199   1656.8    
24.47     1795.16   
24.6202   1721.25   
24.7703   1785.67   
24.9204   1731.3    
25.0705   1875.97   
25.2207   1882.85   
25.3708   1855.94   
25.5209   1837.22   
25.671    1836.58   
25.8212   1689.39   
25.9713   1886.38   
26.1214   1670.17   
26.2715   1750.65   
26.4216   1676.35   
26.5718   1950.47   
26.7219   1819.92   
26.872    1607.7    
27.0221   1860.63   
27.1723   1742.79   
27.3224   1622.65   
27.4725   1827.26   
27.6226   1742.95   
27.7728   1731.72   
27.9229   1748.31   
28.073    1808.45   
28.2231   1725.97   
28.3732   1760.04   
28.5234   1640.01   
28.6735   1825.8    
28.8236   1822.64   
28.9737   1642.25   
29.1239   1664.33   
29.274    1607.67   
29.4241   1733.86   
29.5742   1704.14   
29.7244   1535.5    
29.8745   1529.3    
30.0246   1372.15   
30.1747   1565.41   
30.3248   1533.92   
30.475    1730.89   
30.6251   1640.52   
30.7752   1479.5    
30.9253   1748.74   
31.0755   1444.83   
31.2256   1502.05   
31.3757   1455.67   
31.5258   1555.79   
31.676    1592.84   
31.8261   1582.88   
31.9762   1570.57   
32.1263   1502.62   
32.2764   1419.29   
32.4266   1434.6    
32.5767   1482.62   
32.7268   1683.76   
32.8769   1535.69   
33.0271   1551.11   
33.1772   1516.33   
33.3273   1575.1    
33.4774   1469.94   
33.6276   1492      
33.7777   1454.22   
33.9278   1639.18   
34.0779   1455.69   
34.228    1364.19   
34.3782   1296.8    
34.5283   1531.41   
34.6784   1464.47   
34.8285   1375.89   
34.9787   1570.21   
35.1288   1516      
35.2789   1446.07   
35.429    1448.63   
35.5792   1384.63   
35.7293   1450.27   
35.8794   1341.42   
36.0295   1371.61   
36.1796   1411.46   
36.3298   1490.37   
36.4799   1292.34   
36.63     1400.11   
36.7801   1381.39   
36.9303   1110.8    
37.0804   1355.14   
37.2305   1169.95   
37.3806   1308.23   
37.5307   1425.69   
37.6809   1367.08   
37.831    1277.78   
37.9811   1440.1    
38.1312   1258.75   
38.2814   1321.47   
38.4315   1346.57   
38.5816   1242.31   
38.7317   1312.6    
38.8819   1344.99   
39.032    1376.2    
39.1821   1339.51   
39.3322   1173.81   
39.4823   1394.54   
39.6325   1330.6    
39.7826   1307.83   
39.9327   1249.03   
40.0828   1181.79   
40.233    1224.89   
40.3831   1224.24   
40.5332   1204.09   
40.6833   1218.88   
40.8335   1189.83   
40.9836   1336.8    
41.1337   1237.49   
41.2838   1289.99   
41.4339   1268.45   
41.5841   1290.75   
41.7342   1279.01   
41.8843   1298.14   
42.0344   1298.85   
42.1846   1298.71   
42.3347   1238.11   
42.4848   1085.31   
42.6349   1229.49   
42.7851   1219.58   
42.9352   1221.02   
43.0853   1179.31   
43.2354   1209.94   
43.3855   1198.92   
43.5357   1136.61   
43.6858   1224.34   
43.8359   1168.07   
43.986    1146.6    
44.1362   1164.17   
44.2863   1040.97   
44.4364   1121.55   
44.5865   1178.29   
44.7367   1031.8    
44.8868   1016.6    
45.0369   1187.06   
45.187    1210.8    
45.3371   1218.17   
45.4873   1153.52   
45.6374   1206.68   
45.7875   929.121   
45.9376   1139.8    
46.0878   1133.1    
46.2379   1036.72   
46.388    1124.05   
46.5381   1093.9    
46.6883   1015.2    
46.8384   1076.1    
46.9885   1045.72   
47.1386   1149.33   
47.2887   1062.46   
47.4389   963.598   
47.589    1056.36   
47.7391   1084.6    
47.8892   1133.33   
48.0394   1083.27   
48.1895   1032.95   
48.3396   967.613   
48.4897   1068.39   
48.6399   1010.58   
48.79     994.561   
48.9401   1104.46   
49.0902   954.708   
49.2403   966.214   
49.3905   1152.79   
49.5406   967.902   
49.6907   1026.48   
49.8408   978.256   
49.991    1045.87   
