#r        v         
0         108.025   
0.230189  97.9803   
0.460377  82.0416   
0.690566  68.178    
0.920754  64.7276   
1.15094   73.0615   
1.38113   101.286   
1.61132   114.708   
1.84151   127.052   
2.0717    129.616   
2.30189   145.202   
2.53207   159.501   
2.76226   168.503   
2.99245   169.967   
3.22264   177.044   
3.45283   196.344   
3.68302   194.988   
3.91321   206.541   
4.14339   212.831   
4.37358   216.77    
4.60377   224.109   
4.83396   226.823   
5.06415   227.492   
5.29434   237.854   
5.52453   229.431   
5.75472   233.765   
5.9849    237.357   
6.21509   234.195   
6.44528   234.314   
6.67547   248.877   
6.90566   231.988   
7.13585   232.505   
7.36604   234.719   
7.59622   257.49    
7.82641   242.104   
8.0566    240.043   
8.28679   247.406   
8.51698   240.394   
8.74717   262.303   
8.97736   256.971   
9.20754   263.19    
9.43773   262.709   
9.66792   268.838   
9.89811   272.055   
10.1283   279.789   
10.3585   266.305   
10.5887   283.398   
10.8189   285.834   
11.0491   270.553   
11.2792   284.989   
11.5094   286.527   
11.7396   293.696   
11.9698   293.548   
12.2      289.523   
12.4302   298.442   
12.6604   291.05    
12.8906   290.669   
13.1208   295.37    
13.3509   292.805   
13.5811   298.376   
13.8113   301.329   
14.0415   304.895   
14.2717   305.391   
14.5019   311.206   
14.7321   309.306   
14.9623   314.093   
15.1924   305.834   
15.4226   318.998   
15.6528   319.292   
15.883    322.762   
16.1132   322.335   
16.3434   320.959   
16.5736   319.107   
16.8038   329.869   
17.034    326.027   
17.2641   330.133   
17.4943   329.863   
17.7245   322.338   
17.9547   333.679   
18.1849   338.817   
18.4151   335.38    
18.6453   337.686   
18.8755   337.379   
19.1057   338.651   
19.3358   340.64    
19.566    338.724   
19.7962   347.683   
20.0264   342.043   
20.2566   343.9     
20.4868   344.161   
20.717    345.798   
20.9472   343.192   
21.1774   349.613   
21.4075   355.61    
21.6377   350.376   
21.8679   350.56    
22.0981   356.331   
22.3283   350.806   
22.5585   353.685   
22.7887   360.043   
23.0189   367.258   
23.249    378.725   
23.4792   371.359   
23.7094   368.36    
23.9396   390.078   
24.1698   363.606   
24.4      346.565   
24.6302   352.387   
24.8604   384.822   
25.0906   370.609   
25.3207   361.196   
25.5509   360.519   
25.7811   380.087   
26.0113   372.782   
26.2415   376.087   
26.4717   359.17    
26.7019   383.019   
26.9321   380.075   
27.1623   361.907   
27.3924   373.478   
27.6226   372.089   
27.8528   347.58    
28.083    371.256   
28.3132   364.956   
28.5434   355.893   
28.7736   360.322   
29.0038   360.343   
29.234    366.119   
29.4641   360.577   
29.6943   361.571   
29.9245   374.052   
30.1547   350.756   
30.3849   358.098   
30.6151   366.296   
30.8453   371.306   
31.0755   359.988   
31.3056   359.786   
31.5358   362.158   
31.766    371.754   
31.9962   366.84    
32.2264   354.266   
32.4566   361.28    
32.6868   363.838   
32.917    360.377   
33.1472   361.018   
33.3773   362.514   
33.6075   354.326   
33.8377   366.005   
34.0679   360.059   
34.2981   357.535   
34.5283   359.526   
34.7585   362.37    
34.9887   361.191   
35.2189   353.098   
35.449    369.441   
35.6792   360.334   
35.9094   348.948   
36.1396   363.687   
36.3698   360.995   
36.6      354.948   
36.8302   359.474   
37.0604   354.285   
37.2906   357.705   
37.5207   364.128   
37.7509   360.144   
37.9811   365.282   
38.2113   351.718   
38.4415   353.752   
38.6717   351.316   
38.9019   359.16    
39.1321   356.625   
39.3622   354.031   
39.5924   356.942   
39.8226   356.722   
40.0528   362.596   
40.283    357.178   
40.5132   355.097   
40.7434   356.695   
40.9736   351.82    
41.2038   352.683   
41.4339   359.468   
41.6641   363.512   
41.8943   359.237   
42.1245   358.487   
42.3547   359.151   
42.5849   353.618   
42.8151   360.265   
43.0453   354.922   
43.2755   353.659   
43.5056   355.854   
43.7358   358.676   
43.966    356.204   
44.1962   359.743   
44.4264   357.708   
44.6566   354.22    
44.8868   359.472   
45.117    356.503   
45.3472   355.427   
45.5773   351.749   
45.8075   356.797   
46.0377   357.52    
46.2679   358.523   
46.4981   350.626   
46.7283   351.649   
46.9585   348.937   
47.1887   352.621   
47.4189   356.507   
47.649    360.007   
47.8792   357.987   
48.1094   354.403   
48.3396   355.057   
48.5698   354.315   
48.8      354.177   
49.0302   353.477   
49.2604   357.378   
49.4905   356.451   
49.7207   356.229   
49.9509   354.316   
50.1811   356.885   
50.4113   352.495   
50.6415   352.459   
50.8717   352.621   
51.1019   352.007   
51.3321   361.041   
51.5622   355.046   
51.7924   354.496   
52.0226   356.405   
52.2528   356.61    
52.483    358.834   
52.7132   355.495   
52.9434   353.976   
53.1736   354.978   
53.4038   351.365   
53.6339   357.36    
53.8641   355.824   
54.0943   353.375   
54.3245   357.822   
54.5547   356.211   
54.7849   355.678   
55.0151   359.572   
55.2453   357.678   
55.4755   358.908   
55.7056   355.415   
55.9358   355.452   
56.166    357.452   
56.3962   353.493   
56.6264   351.819   
56.8566   354.17    
57.0868   357.136   
57.317    358.923   
57.5471   355.289   
57.7773   354.932   
58.0075   355.013   
58.2377   351.569   
58.4679   356.545   
58.6981   350.395   
58.9283   354.72    
59.1585   357.058   
59.3887   356.378   
59.6188   354.696   
59.849    353.703   
60.0792   355.576   
60.3094   358.927   
60.5396   357.657   
60.7698   357.891   
61        354.784   
61.2302   352.58    
61.4604   353.646   
61.6905   356.933   
61.9207   355.897   
62.1509   352.083   
62.3811   356.568   
62.6113   355.947   
62.8415   355.283   
63.0717   353.011   
63.3019   353.706   
63.5321   353.806   
63.7622   354.367   
63.9924   353.966   
64.2226   351.761   
64.4528   355.615   
64.683    353.377   
64.9132   359.282   
65.1434   353.116   
65.3736   353.078   
65.6038   354.076   
65.8339   356.76    
66.0641   356.41    
66.2943   355.856   
66.5245   355.444   
66.7547   357.077   
66.9849   353.287   
67.2151   355.84    
67.4453   353.437   
67.6754   356.03    
67.9056   355.034   
68.1358   351.161   
68.366    355.562   
68.5962   354.216   
68.8264   354.611   
69.0566   352.609   
69.2868   354.239   
69.517    355.378   
69.7471   353.016   
69.9773   351.702   
70.2075   354.233   
70.4377   349.094   
70.6679   352.773   
70.8981   355.104   
71.1283   351.838   
71.3585   353.088   
71.5887   352.037   
71.8188   353.035   
72.049    353.944   
72.2792   355.968   
72.5094   354.158   
72.7396   353.049   
72.9698   350.125   
73.2      354.082   
73.4302   355.106   
73.6604   352.094   
73.8905   353.427   
74.1207   353.239   
74.3509   353.018   
74.5811   350.838   
74.8113   353.936   
75.0415   352.496   
75.2717   352.494   
75.5019   353.715   
75.7321   351.444   
75.9622   352.422   
76.1924   352.722   
76.4226   353.044   
76.6528   352.977   
76.883    353.02    
77.1132   350.603   
77.3434   351.97    
77.5736   352.373   
77.8037   354.509   
78.0339   350.877   
78.2641   353.139   
78.4943   349.112   
78.7245   350.433   
78.9547   356.31    
79.1849   350.08    
79.4151   352.913   
79.6453   351.791   
79.8754   351.362   
80.3358   328.941   
80.566    340.673   
80.7962   333.09    
81.2566   336.175   
81.4868   336.189   
81.717    336.501   
81.9471   338.625   
82.1773   342.441   
82.6377   332.377   
83.3283   331.818   
84.249    335.57    
84.7094   332.65    
84.9396   334.706   
86.3207   332.558   
87.4717   329.501   
88.1622   330.357   
89.3132   329.288   
89.5434   330.022   
90.0037   325.676   
90.9245   322.771   
91.1547   325.883   
91.8452   317.842   
