#r        v         
0.230189  170.246   
0.460377  131.598   
0.690566  104.287   
0.920754  77.3029   
1.15094   93.5093   
1.38113   128.171   
1.61132   96.0179   
1.84151   134.881   
2.0717    165.687   
2.30189   254.105   
2.53207   258.865   
2.76226   273.417   
2.99245   241.28    
3.22264   228.794   
3.45283   292.122   
3.68302   259.986   
3.91321   341.615   
4.14339   356.688   
4.37358   330.596   
4.60377   400.745   
4.83396   425.46    
5.06415   351.439   
5.29434   419.743   
5.52453   308.244   
5.75472   332.676   
5.9849    327.528   
6.21509   306.068   
6.44528   316.425   
6.67547   450.027   
6.90566   319.188   
7.13585   337.81    
7.36604   320.113   
7.59622   512.951   
7.82641   345.17    
8.0566    333.347   
8.28679   395.639   
8.51698   369.794   
8.74717   469.533   
8.97736   452.913   
9.20754   483.918   
9.43773   419.914   
9.66792   474.619   
9.89811   475.808   
10.1283   495.199   
10.3585   373.241   
10.5887   518.493   
10.8189   477.796   
11.0491   347.857   
11.2792   406.477   
11.5094   451.68    
11.7396   474.738   
11.9698   541.75    
12.2      421.097   
12.4302   490.198   
12.6604   426.055   
12.8906   487.035   
13.1208   511.7     
13.3509   451.802   
13.5811   441.438   
13.8113   505.066   
14.0415   534.752   
14.2717   507.034   
14.5019   486.036   
14.7321   483.069   
14.9623   590.543   
15.1924   447.163   
15.4226   532.136   
15.6528   531.022   
15.883    542.251   
16.1132   507.593   
16.3434   457.501   
16.5736   471.969   
16.8038   537.167   
17.034    432.502   
17.2641   529.372   
17.4943   595.92    
17.7245   449.777   
17.9547   567.341   
18.1849   557.174   
18.4151   502.356   
18.6453   490.674   
18.8755   508.849   
19.1057   460.927   
19.3358   454.008   
19.566    441.506   
19.7962   585.789   
20.0264   541.151   
20.2566   475.703   
20.4868   479.559   
20.717    457.532   
20.9472   458.428   
21.1774   503.328   
21.4075   673.433   
21.6377   627.328   
21.8679   498.022   
22.0981   662.687   
22.3283   580.196   
22.5585   617.966   
22.7887   694.727   
23.0189   716.335   
23.249    752.794   
23.4792   888.587   
23.7094   743.976   
23.9396   950.891   
24.1698   769.425   
24.4      669.141   
24.6302   657.56    
24.8604   1016.17   
25.0906   970.743   
25.3207   858.679   
25.5509   880.815   
25.7811   1436.93   
26.0113   1134.05   
26.2415   1224.09   
26.4717   1247.45   
26.7019   1346.75   
26.9321   1190.99   
27.1623   1185.39   
27.3924   1220.69   
27.6226   1227.47   
27.8528   906.846   
28.083    1248.02   
28.3132   1071.28   
28.5434   971.28    
28.7736   1150.01   
29.0038   1092.18   
29.234    1216.42   
29.4641   1108.46   
29.6943   1058.39   
29.9245   1157.64   
30.1547   904.034   
30.3849   1072.03   
30.6151   1050.36   
30.8453   1228.35   
31.0755   989.18    
31.3056   1127.06   
31.5358   1042.41   
31.766    1188.7    
31.9962   1151.16   
32.2264   934.39    
32.4566   1052.71   
32.6868   1076.81   
32.917    1083.9    
33.1472   846.567   
33.3773   1081.15   
33.6075   971.046   
33.8377   1140.77   
34.0679   1044.56   
34.2981   1063.73   
34.5283   1050.41   
34.7585   1051.07   
34.9887   990.917   
35.2189   988.082   
35.449    1096.94   
35.6792   965.241   
35.9094   811.721   
36.1396   990.54    
36.3698   998.681   
36.6      952.428   
36.8302   992.392   
37.0604   848.794   
37.2906   891.807   
37.5207   994.959   
37.7509   976.287   
37.9811   952.361   
38.2113   878.447   
38.4415   906.622   
38.6717   922.192   
38.9019   924.839   
39.1321   1015.9    
39.3622   945.635   
39.5924   957.85    
39.8226   837.089   
40.0528   955.238   
40.283    968.279   
40.5132   703.586   
40.7434   859.601   
40.9736   859.602   
41.2038   962.352   
41.4339   920.358   
41.6641   994.375   
41.8943   917.437   
42.1245   874.138   
42.3547   856.376   
42.5849   797.8     
42.8151   927.761   
43.0453   902.328   
43.2755   855.347   
43.5056   944.997   
43.7358   840.931   
43.966    864.241   
44.1962   867.908   
44.4264   887.341   
44.6566   906.128   
44.8868   894.815   
45.117    935.944   
45.3472   881.036   
45.5773   780.439   
45.8075   811.719   
46.0377   892.773   
46.2679   912.887   
46.4981   807.671   
46.7283   766.978   
46.9585   667.943   
47.1887   796.259   
47.4189   761.504   
47.649    894.044   
47.8792   871.922   
48.1094   823.522   
48.3396   874.213   
48.5698   801.383   
48.8      775.422   
49.0302   655.941   
49.2604   789.36    
49.4905   873.371   
49.7207   846.874   
49.9509   806.402   
50.1811   821.188   
50.4113   761.797   
50.6415   717.844   
50.8717   764.464   
51.1019   730.352   
51.3321   836.036   
51.5622   815.247   
51.7924   778.949   
52.0226   822.788   
52.2528   792.619   
52.483    829.558   
52.7132   795.231   
52.9434   697.52    
53.1736   806.602   
53.4038   809.978   
53.6339   764.081   
53.8641   808.01    
54.0943   647.376   
54.3245   832.359   
54.5547   793.492   
54.7849   753.201   
55.0151   836.948   
55.2453   788.701   
55.4755   818.24    
55.7056   715.671   
55.9358   767.23    
56.166    805.972   
56.3962   729.887   
56.6264   711.524   
56.8566   799.445   
57.0868   729.434   
57.317    755.185   
57.5471   731.068   
57.7773   694.61    
58.0075   712.671   
58.2377   616.813   
58.4679   750.616   
58.6981   611.041   
58.9283   725.07    
59.1585   719.193   
59.3887   757.275   
59.6188   712.936   
59.849    769.561   
60.0792   726.997   
60.3094   726.229   
60.5396   711.264   
60.7698   728.981   
61        661.197   
61.2302   720.813   
61.4604   672.933   
61.6905   735.527   
61.9207   744.992   
62.1509   636.326   
62.3811   743.904   
62.6113   725.82    
62.8415   737.127   
63.0717   662.965   
63.3019   706.224   
63.5321   674.306   
63.7622   674.6     
63.9924   648.524   
64.2226   670.998   
64.4528   660.19    
64.683    658.903   
64.9132   709.989   
65.1434   654.241   
65.3736   702.927   
65.6038   699.856   
65.8339   680.458   
66.0641   698.782   
66.2943   698.848   
66.5245   740.489   
66.7547   670.454   
66.9849   704.722   
67.2151   704.739   
67.4453   603.833   
67.6754   696.231   
67.9056   648.728   
68.1358   657.006   
68.366    681.718   
68.5962   688.958   
68.8264   667.278   
69.0566   630.414   
69.2868   674.264   
69.517    666.155   
69.7471   675.067   
69.9773   617.992   
70.2075   672.427   
70.4377   611.312   
70.6679   636.873   
70.8981   661.159   
71.1283   605.788   
71.3585   598.645   
71.5887   631.204   
71.8188   662.106   
72.049    670.095   
72.2792   650.199   
72.5094   640.314   
72.7396   658.77    
72.9698   550.832   
73.2      672.346   
73.4302   653.569   
73.6604   601.133   
73.8905   646.721   
74.1207   614.396   
74.3509   621.756   
74.5811   621.165   
74.8113   639.641   
75.0415   596.266   
75.2717   622.877   
75.5019   609.623   
75.7321   551.837   
75.9622   590.255   
76.1924   624.94    
76.4226   654.895   
76.6528   626.671   
76.883    595.997   
77.1132   540.06    
77.3434   607.955   
77.5736   605.334   
77.8037   612.409   
78.0339   592.353   
78.2641   643.952   
78.4943   542.764   
78.7245   576.624   
78.9547   626.296   
79.1849   559.523   
79.4151   608.741   
79.6453   581.187   
79.8754   594.481   
80.3358   340.538   
80.7962   347.28    
81.0264   201.322   
81.2566   236.374   
81.4868   319.157   
81.9471   81.8665   
82.1773   306.058   
82.8679   104.984   
83.3283   204.99    
84.249    304.476   
84.7094   326.067   
84.9396   308.563   
85.4      275.368   
85.8603   315.423   
87.2415   284.083   
87.4717   322.023   
88.1622   324.453   
89.5434   318.947   
90.0037   325.211   
91.1547   241.932   
91.3849   303.352   
